   7.0000000000000007E-6 -5E-6;
   0.000193 -5E-6;
   0.000137488305210376 -6.6684145672608078E-5;
   7.0092801895517212E-5 -0.00016286287482367184;
   0.00013971861873291307 -1.2001050539609792E-5;
   0.00018843574392641909 -1.7571164374863721E-5;
   0.0001548305158955787 -3.4341059137738409E-5;
   0.00010922236325068125 -0.00013905063309186151;
   4.8834175181641437E-5 -2.2875778327027653E-5;
   3.0990899452685279E-5 -0.00017011173381565405;
   0.00013480604598308687 -2.9118817297699815E-5;
   3.2649289735589177E-5 -2.6232949122266771E-5;
   0.00014784794287743804 -0.00010291445408865497;
   4.8099118128483E-5 -0.00012938084772450172;
   0.00010875256528538829 -7.3385172789003215E-5;
   9.9282466374051739E-5 -5.3549319275993635E-5;
   4.2330541955748924E-7 -0.0001509933042503259;
   0.00020042330541955751 -0.0001509933042503259;
   0.00015952003383323788 -0.00016790544176456681;
   0.00011695661311165305 -8.5889603685733012E-5;
   0.00018174916137126602 -0.00014247739195853506;
   0.00014727974868473961 -0.0001405501066664274;
   0.00017880462208352978 -4.6698579804788842E-5;
   0.00014571439548049831 -8.4383077398891707E-5;
   0.00014042776470881598 -4.4985377746448823E-5;
   0.00017630374358362596 -0.0001835514233657898;
   8.9695011812806092E-5 -0.00011148719073057528;
   6.5734374497256439E-5 -6.0961830949301373E-5;
   6.4445440938241876E-5 -2.2060705404527774E-5;
   4.5051430343713775E-5 -5.4176667509981464E-5;
   2.8319427468141285E-5 -9.15989930693015E-5;
   0.00019590584131452886 -8.8762674718103547E-5;
   -4.0941586854711541E-6 -8.8762674718103547E-5;
   7.5938373459473609E-6 -0.0001225666872228216;
   0.00014790760274216195 -2.0237846689347759E-5;
   2.04517657360765E-5 -0.00013346436248187762;
   6.3417029231766577E-5 -9.4851757771647667E-5;
   3.1236350776875832E-5 -0.00010983320126050624;
   0.00016298195977504614 -0.00015606229303919019;
   9.5199906096557209E-6 -4.6334580607319723E-5;
   9.1738336126005062E-5 -0.00013463031010828275;
   0.00016698302514313074 -4.7254091271135173E-5;
   4.1531236049071944E-5 -0.00015455274393115116;
   7.41477610296295E-5 -9.12958680717532E-6;
   5.1424048409692461E-5 -0.00010735530852636641;
   0.00011872142333565186 -0.00011314851167866455;
   3.2255459462540871E-5 -0.00018204576142569553;
   3.5144815976070757E-5 -8.117103309777139E-5;
   0.00016051880774257024 -1.3970942841967236E-5;
   0.00019439009507244611 -0.00010263031975446234;
   7.2162808854997213E-6 -7.1541396653843612E-5;
   0.00015192320107501532 -0.00018580212650506719;
   6.3116603069062133E-5 -0.00015175058525926195;
   0.00018313987986473345 -2.8961651947908225E-5;
   0.00016041870414750157 -6.7635989739031209E-5;
   8.8378096181175125E-5 -0.00014784427942394433;
   0.00012714248423399894 -3.7667393295895421E-5;
   0.00011090467198939983 -6.1779851937194462E-5;
   4.5971989043382666E-5 -4.1239097525493082E-5;
   0.00018671879741105407 -0.00012105224045978264;
   0.00013894678228655637 -9.5253192239225235E-5;
   0.00017942833766767819 -9.6594734673814789E-5;
   7.99652382527945E-5 -0.00010264355748320967;
   0.00012976185746395565 -0.0001801035642342592;